82 70 276
276 70 82
70 82 276
238 17 269
17 238 269
269 17 238
130 148 168
148 130 168
168 130 148
72 10 126
126 10 72
10 72 126
271 92 124
124 92 271
92 124 271
99 1 266
1 99 266
266 1 99
289 211 299
211 289 299
299 211 289
111 38 288
38 111 288
288 38 111
181 40 283
40 181 283
283 40 181
6 232 273
232 6 273
273 6 232
159 112 254
254 112 159
112 159 254
84 46 251
46 84 251
251 46 84
96 85 145
85 96 145
145 85 96
107 109 178
178 107 109
109 107 178
285 50 142
142 50 285
50 142 285
277 172 218
218 172 277
172 218 277
29 48 258
258 29 48
48 29 258
15 100 265
100 15 265
265 15 100
31 228 249
228 31 249
249 31 228
279 79 297
79 279 297
297 79 279
183 55 133
55 133 183
133 55 183
37 221 260
260 37 221
221 37 260
5 8 191
191 5 8
8 5 191
231 59 98
59 98 231
98 59 231
132 12 28
28 12 132
12 28 132
39 81 180
81 39 180
180 39 81
93 54 224
54 93 224
224 54 93
194 143 189
189 143 194
143 189 194
158 179 219
179 158 219
219 158 179
24 14 295
14 24 295
295 14 24
210 246 250
250 210 246
246 210 250
290 20 104
104 20 290
20 104 290
197 51 294
51 197 294
294 51 197
35 153 212
212 35 153
153 35 212
89 22 240
22 89 240
240 22 89
175 97 267
97 175 267
267 97 175
200 49 214
214 49 200
49 200 214
193 95 239
95 193 239
239 95 193
268 69 255
255 69 268
69 255 268
135 47 205
47 135 205
205 47 135
61 16 94
16 61 94
94 16 61
287 42 206
206 42 287
42 206 287
160 129 195
195 129 160
129 160 195
134 161 217
217 134 161
161 134 217
192 207 235
235 192 207
207 192 235
18 43 262
43 18 262
262 18 43
274 33 257
33 257 274
257 33 274
34 9 78
9 34 78
78 9 34
164 75 281
75 164 281
281 75 164
233 57 169
169 57 233
57 169 233
202 110 127
127 110 202
110 127 202
275 149 261
261 149 275
149 261 275
68 182 252
182 68 252
252 68 182
102 226 296
226 102 296
296 102 226
264 67 213
67 213 264
213 67 264
4 53 242
242 4 53
53 4 242
123 105 278
278 105 123
105 123 278
141 196 220
220 141 196
196 141 220
21 36 140
140 21 36
36 21 140
166 106 291
291 106 166
106 166 291
62 23 177
177 23 62
23 62 177
241 136 243
136 241 243
243 136 241
32 11 253
11 32 253
253 11 32
208 187 204
204 187 208
187 204 208
184 63 137
137 63 184
63 137 184
163 244 247
244 163 247
247 163 244
13 173 216
173 13 216
216 13 173
44 2 229
229 2 44
2 44 229
199 65 80
80 65 199
65 80 199
222 76 155
76 155 222
155 76 222
165 103 144
103 144 165
144 103 165
26 71 259
71 26 259
259 26 71
128 88 170
170 88 128
88 128 170
87 147 300
300 87 147
147 87 300
101 237 245
237 101 245
245 101 237
146 64 223
64 146 223
223 64 146
176 162 236
236 162 176
162 176 236
230 152 154
154 152 230
152 154 230
167 25 41
25 41 167
41 25 167
263 7 298
7 263 298
298 7 263
30 90 121
90 30 121
121 30 90
45 157 171
171 45 157
157 45 171
174 56 198
198 56 174
56 174 198
286 73 185
73 185 286
185 73 286
139 77 186
77 139 186
186 77 139
115 234 270
270 115 234
234 115 270
209 227 272
272 209 227
227 209 272
60 86 282
86 60 282
282 60 86
248 114 151
114 151 248
151 114 248
3 108 280
108 3 280
280 3 108
119 284 292
284 119 292
292 119 284
131 118 156
156 118 131
118 131 156
256 150 293
150 256 293
293 150 256
188 113 120
120 113 188
113 120 188
190 117 215
117 190 215
215 117 190
125 19 203
19 125 203
203 19 125
116 52 83
83 52 116
52 83 116
27 58 122
122 27 58
58 27 122
138 66 201
66 138 201
201 66 138
225 74 91
91 74 225
74 91 225
